/*--------------------------------*- C++ -*----------------------------------*\
| =========                 |                                                 |
| \\      /  F ield         | OpenFOAM: The Open Source CFD Toolbox           |
|  \\    /   O peration     | Version:  5.x                                   |
|   \\  /    A nd           | Web:      www.OpenFOAM.org                      |
|    \\/     M anipulation  |                                                 |
\*---------------------------------------------------------------------------*/
FoamFile
{
    version     2.0;
    format      ascii;
    class       labelList;
    location    "constant/solid/polyMesh";
    object      faceRegionAddressing;
}
// * * * * * * * * * * * * * * * * * * * * * * * * * * * * * * * * * * * * * //


2180
(
357
358
359
360
361
362
363
364
365
366
367
368
369
370
371
372
373
374
375
376
377
378
379
380
381
382
383
384
385
386
387
388
389
390
391
392
393
394
395
396
397
398
399
400
401
402
403
404
405
406
407
408
409
410
411
412
413
414
415
416
417
418
419
420
421
422
423
424
425
426
427
428
429
430
431
432
433
434
435
436
437
438
439
440
441
442
443
444
445
446
448
449
451
452
454
455
457
458
460
461
463
464
466
467
469
470
472
473
475
476
478
479
481
482
484
485
487
488
490
491
493
494
496
497
499
500
502
503
505
506
508
509
511
512
514
515
517
518
520
521
523
524
526
527
529
530
532
534
1217
1218
1219
1220
1221
1222
1223
1224
1225
1226
1227
1228
1229
1230
1231
1232
1233
1234
1235
1236
1237
1238
1239
1240
1241
1242
1243
1244
1245
1246
1247
1248
1249
1250
1251
1252
1253
1254
1255
1256
1257
1258
1259
1260
1261
1262
1263
1264
1265
1266
1267
1268
1269
1270
1271
1272
1273
1274
1275
1276
1277
1278
1279
1280
1281
1282
1283
1284
1285
1286
1287
1288
1289
1290
1291
1292
1293
1294
1295
1296
1297
1298
1299
1300
1301
1302
1303
1304
1305
1306
1308
1309
1311
1312
1314
1315
1317
1318
1320
1321
1323
1324
1326
1327
1329
1330
1332
1333
1335
1336
1338
1339
1341
1342
1344
1345
1347
1348
1350
1351
1353
1354
1356
1357
1359
1360
1362
1363
1365
1366
1368
1369
1371
1372
1374
1375
1377
1378
1380
1381
1383
1384
1386
1387
1389
1390
1392
1394
2077
2078
2079
2080
2081
2082
2083
2084
2085
2086
2087
2088
2089
2090
2091
2092
2093
2094
2095
2096
2097
2098
2099
2100
2101
2102
2103
2104
2105
2106
2107
2108
2109
2110
2111
2112
2113
2114
2115
2116
2117
2118
2119
2120
2121
2122
2123
2124
2125
2126
2127
2128
2129
2130
2131
2132
2133
2134
2135
2136
2137
2138
2139
2140
2141
2142
2143
2144
2145
2146
2147
2148
2149
2150
2151
2152
2153
2154
2155
2156
2157
2158
2159
2160
2161
2162
2163
2164
2165
2166
2168
2169
2171
2172
2174
2175
2177
2178
2180
2181
2183
2184
2186
2187
2189
2190
2192
2193
2195
2196
2198
2199
2201
2202
2204
2205
2207
2208
2210
2211
2213
2214
2216
2217
2219
2220
2222
2223
2225
2226
2228
2229
2231
2232
2234
2235
2237
2238
2240
2241
2243
2244
2246
2247
2249
2250
2252
2254
2937
2938
2939
2940
2941
2942
2943
2944
2945
2946
2947
2948
2949
2950
2951
2952
2953
2954
2955
2956
2957
2958
2959
2960
2961
2962
2963
2964
2965
2966
2967
2968
2969
2970
2971
2972
2973
2974
2975
2976
2977
2978
2979
2980
2981
2982
2983
2984
2985
2986
2987
2988
2989
2990
2991
2992
2993
2994
2995
2996
2997
2998
2999
3000
3001
3002
3003
3004
3005
3006
3007
3008
3009
3010
3011
3012
3013
3014
3015
3016
3017
3018
3019
3020
3021
3022
3023
3024
3025
3026
3028
3029
3031
3032
3034
3035
3037
3038
3040
3041
3043
3044
3046
3047
3049
3050
3052
3053
3055
3056
3058
3059
3061
3062
3064
3065
3067
3068
3070
3071
3073
3074
3076
3077
3079
3080
3082
3083
3085
3086
3088
3089
3091
3092
3094
3095
3097
3098
3100
3101
3103
3104
3106
3107
3109
3110
3112
3114
3797
3798
3799
3800
3801
3802
3803
3804
3805
3806
3807
3808
3809
3810
3811
3812
3813
3814
3815
3816
3817
3818
3819
3820
3821
3822
3823
3824
3825
3826
3827
3828
3829
3830
3831
3832
3833
3834
3835
3836
3837
3838
3839
3840
3841
3842
3843
3844
3845
3846
3847
3848
3849
3850
3851
3852
3853
3854
3855
3856
3857
3858
3859
3860
3861
3862
3863
3864
3865
3866
3867
3868
3869
3870
3871
3872
3873
3874
3875
3876
3877
3878
3879
3880
3881
3882
3883
3884
3885
3886
3888
3889
3891
3892
3894
3895
3897
3898
3900
3901
3903
3904
3906
3907
3909
3910
3912
3913
3915
3916
3918
3919
3921
3922
3924
3925
3927
3928
3930
3931
3933
3934
3936
3937
3939
3940
3942
3943
3945
3946
3948
3949
3951
3952
3954
3955
3957
3958
3960
3961
3963
3964
3966
3967
3969
3970
3972
3974
4657
4658
4659
4660
4661
4662
4663
4664
4665
4666
4667
4668
4669
4670
4671
4672
4673
4674
4675
4676
4677
4678
4679
4680
4681
4682
4683
4684
4685
4686
4687
4688
4689
4690
4691
4692
4693
4694
4695
4696
4697
4698
4699
4700
4701
4702
4703
4704
4705
4706
4707
4708
4709
4710
4711
4712
4713
4714
4715
4716
4717
4718
4719
4720
4721
4722
4723
4724
4725
4726
4727
4728
4729
4730
4731
4732
4733
4734
4735
4736
4737
4738
4739
4740
4741
4742
4743
4744
4745
4746
4748
4749
4751
4752
4754
4755
4757
4758
4760
4761
4763
4764
4766
4767
4769
4770
4772
4773
4775
4776
4778
4779
4781
4782
4784
4785
4787
4788
4790
4791
4793
4794
4796
4797
4799
4800
4802
4803
4805
4806
4808
4809
4811
4812
4814
4815
4817
4818
4820
4821
4823
4824
4826
4827
4829
4830
4832
4834
5517
5518
5519
5520
5521
5522
5523
5524
5525
5526
5527
5528
5529
5530
5531
5532
5533
5534
5535
5536
5537
5538
5539
5540
5541
5542
5543
5544
5545
5546
5547
5548
5549
5550
5551
5552
5553
5554
5555
5556
5557
5558
5559
5560
5561
5562
5563
5564
5565
5566
5567
5568
5569
5570
5571
5572
5573
5574
5575
5576
5577
5578
5579
5580
5581
5582
5583
5584
5585
5586
5587
5588
5589
5590
5591
5592
5593
5594
5595
5596
5597
5598
5599
5600
5601
5602
5603
5604
5605
5606
5608
5609
5611
5612
5614
5615
5617
5618
5620
5621
5623
5624
5626
5627
5629
5630
5632
5633
5635
5636
5638
5639
5641
5642
5644
5645
5647
5648
5650
5651
5653
5654
5656
5657
5659
5660
5662
5663
5665
5666
5668
5669
5671
5672
5674
5675
5677
5678
5680
5681
5683
5684
5686
5687
5689
5690
5692
5694
6377
6378
6379
6380
6381
6382
6383
6384
6385
6386
6387
6388
6389
6390
6391
6392
6393
6394
6395
6396
6397
6398
6399
6400
6401
6402
6403
6404
6405
6406
6407
6408
6409
6410
6411
6412
6413
6414
6415
6416
6417
6418
6419
6420
6421
6422
6423
6424
6425
6426
6427
6428
6429
6430
6431
6432
6433
6434
6435
6436
6437
6438
6439
6440
6441
6442
6443
6444
6445
6446
6447
6448
6449
6450
6451
6452
6453
6454
6455
6456
6457
6458
6459
6460
6461
6462
6463
6464
6465
6466
6468
6469
6471
6472
6474
6475
6477
6478
6480
6481
6483
6484
6486
6487
6489
6490
6492
6493
6495
6496
6498
6499
6501
6502
6504
6505
6507
6508
6510
6511
6513
6514
6516
6517
6519
6520
6522
6523
6525
6526
6528
6529
6531
6532
6534
6535
6537
6538
6540
6541
6543
6544
6546
6547
6549
6550
6552
6554
7237
7238
7239
7240
7241
7242
7243
7244
7245
7246
7247
7248
7249
7250
7251
7252
7253
7254
7255
7256
7257
7258
7259
7260
7261
7262
7263
7264
7265
7266
7267
7268
7269
7270
7271
7272
7273
7274
7275
7276
7277
7278
7279
7280
7281
7282
7283
7284
7285
7286
7287
7288
7289
7290
7291
7292
7293
7294
7295
7296
7297
7298
7299
7300
7301
7302
7303
7304
7305
7306
7307
7308
7309
7310
7311
7312
7313
7314
7315
7316
7317
7318
7319
7320
7321
7322
7323
7324
7325
7326
7328
7329
7331
7332
7334
7335
7337
7338
7340
7341
7343
7344
7346
7347
7349
7350
7352
7353
7355
7356
7358
7359
7361
7362
7364
7365
7367
7368
7370
7371
7373
7374
7376
7377
7379
7380
7382
7383
7385
7386
7388
7389
7391
7392
7394
7395
7397
7398
7400
7401
7403
7404
7406
7407
7409
7410
7412
7414
7977
7978
7979
7980
7981
7982
7983
7984
7985
7986
7987
7988
7989
7990
7991
7992
7993
7994
7995
7996
7997
7998
7999
8000
8001
8002
8003
8004
8005
8006
8007
8008
8009
8010
8011
8012
8013
8014
8015
8016
8017
8018
8019
8020
8021
8022
8023
8024
8025
8026
8027
8028
8029
8030
8031
8032
8033
8034
8035
8036
8038
8040
8042
8044
8046
8048
8050
8052
8054
8056
8058
8060
8062
8064
8066
8068
8070
8072
8074
8076
8078
8080
8082
8084
8086
8088
8090
8092
8605
8606
8615
8616
8625
8626
8635
8636
8645
8646
8655
8656
8665
8666
8675
8676
8685
8686
8695
8696
8705
8706
8715
8716
8725
8726
8735
8736
8745
8746
8755
8756
8765
8766
8775
8776
8785
8786
8795
8796
9105
9106
9115
9116
9125
9126
9135
9136
9145
9146
9155
9156
9165
9166
9175
9176
9185
9186
9195
9196
9205
9206
9215
9216
9225
9226
9235
9236
9245
9246
9255
9256
9265
9266
9275
9276
9285
9286
9295
9296
9305
9306
9315
9316
9325
9326
9335
9336
9345
9346
9355
9356
9365
9366
9375
9376
9385
9386
9395
9396
9405
9406
9415
9416
9425
9426
9435
9436
9445
9446
9455
9456
9465
9466
9475
9476
9485
9486
9495
9496
9505
9506
9515
9516
9525
9526
9535
9536
9545
9546
9555
9556
9565
9566
9575
9576
9585
9586
9595
9596
9605
9606
9615
9616
9625
9626
9635
9636
9645
9646
9655
9656
9665
9666
9675
9676
9685
9686
9695
9696
447
450
453
456
459
462
465
468
471
474
477
480
483
486
489
492
495
498
501
504
507
510
513
516
519
522
525
528
531
533
1307
1310
1313
1316
1319
1322
1325
1328
1331
1334
1337
1340
1343
1346
1349
1352
1355
1358
1361
1364
1367
1370
1373
1376
1379
1382
1385
1388
1391
1393
2167
2170
2173
2176
2179
2182
2185
2188
2191
2194
2197
2200
2203
2206
2209
2212
2215
2218
2221
2224
2227
2230
2233
2236
2239
2242
2245
2248
2251
2253
3027
3030
3033
3036
3039
3042
3045
3048
3051
3054
3057
3060
3063
3066
3069
3072
3075
3078
3081
3084
3087
3090
3093
3096
3099
3102
3105
3108
3111
3113
3887
3890
3893
3896
3899
3902
3905
3908
3911
3914
3917
3920
3923
3926
3929
3932
3935
3938
3941
3944
3947
3950
3953
3956
3959
3962
3965
3968
3971
3973
4747
4750
4753
4756
4759
4762
4765
4768
4771
4774
4777
4780
4783
4786
4789
4792
4795
4798
4801
4804
4807
4810
4813
4816
4819
4822
4825
4828
4831
4833
5607
5610
5613
5616
5619
5622
5625
5628
5631
5634
5637
5640
5643
5646
5649
5652
5655
5658
5661
5664
5667
5670
5673
5676
5679
5682
5685
5688
5691
5693
6467
6470
6473
6476
6479
6482
6485
6488
6491
6494
6497
6500
6503
6506
6509
6512
6515
6518
6521
6524
6527
6530
6533
6536
6539
6542
6545
6548
6551
6553
7327
7330
7333
7336
7339
7342
7345
7348
7351
7354
7357
7360
7363
7366
7369
7372
7375
7378
7381
7384
7387
7390
7393
7396
7399
7402
7405
7408
7411
7413
8037
8039
8041
8043
8045
8047
8049
8051
8053
8055
8057
8059
8061
8063
8065
8067
8069
8071
8073
8075
8077
8079
8081
8083
8085
8087
8089
8091
8093
8094
-269
-272
-275
-278
-281
-284
-287
-290
-293
-296
-299
-302
-305
-308
-311
-314
-317
-320
-323
-326
-329
-332
-335
-338
-341
-344
-347
-350
-353
-355
-1129
-1132
-1135
-1138
-1141
-1144
-1147
-1150
-1153
-1156
-1159
-1162
-1165
-1168
-1171
-1174
-1177
-1180
-1183
-1186
-1189
-1192
-1195
-1198
-1201
-1204
-1207
-1210
-1213
-1215
-1989
-1992
-1995
-1998
-2001
-2004
-2007
-2010
-2013
-2016
-2019
-2022
-2025
-2028
-2031
-2034
-2037
-2040
-2043
-2046
-2049
-2052
-2055
-2058
-2061
-2064
-2067
-2070
-2073
-2075
-2849
-2852
-2855
-2858
-2861
-2864
-2867
-2870
-2873
-2876
-2879
-2882
-2885
-2888
-2891
-2894
-2897
-2900
-2903
-2906
-2909
-2912
-2915
-2918
-2921
-2924
-2927
-2930
-2933
-2935
-3709
-3712
-3715
-3718
-3721
-3724
-3727
-3730
-3733
-3736
-3739
-3742
-3745
-3748
-3751
-3754
-3757
-3760
-3763
-3766
-3769
-3772
-3775
-3778
-3781
-3784
-3787
-3790
-3793
-3795
-4569
-4572
-4575
-4578
-4581
-4584
-4587
-4590
-4593
-4596
-4599
-4602
-4605
-4608
-4611
-4614
-4617
-4620
-4623
-4626
-4629
-4632
-4635
-4638
-4641
-4644
-4647
-4650
-4653
-4655
-5429
-5432
-5435
-5438
-5441
-5444
-5447
-5450
-5453
-5456
-5459
-5462
-5465
-5468
-5471
-5474
-5477
-5480
-5483
-5486
-5489
-5492
-5495
-5498
-5501
-5504
-5507
-5510
-5513
-5515
-6289
-6292
-6295
-6298
-6301
-6304
-6307
-6310
-6313
-6316
-6319
-6322
-6325
-6328
-6331
-6334
-6337
-6340
-6343
-6346
-6349
-6352
-6355
-6358
-6361
-6364
-6367
-6370
-6373
-6375
-7149
-7152
-7155
-7158
-7161
-7164
-7167
-7170
-7173
-7176
-7179
-7182
-7185
-7188
-7191
-7194
-7197
-7200
-7203
-7206
-7209
-7212
-7215
-7218
-7221
-7224
-7227
-7230
-7233
-7235
-7919
-7921
-7923
-7925
-7927
-7929
-7931
-7933
-7935
-7937
-7939
-7941
-7943
-7945
-7947
-7949
-7951
-7953
-7955
-7957
-7959
-7961
-7963
-7965
-7967
-7969
-7971
-7973
-7975
-7976
)


// ************************************************************************* //
