/*--------------------------------*- C++ -*----------------------------------*\
| =========                 |                                                 |
| \\      /  F ield         | OpenFOAM: The Open Source CFD Toolbox           |
|  \\    /   O peration     | Version:  5.x                                   |
|   \\  /    A nd           | Web:      www.OpenFOAM.org                      |
|    \\/     M anipulation  |                                                 |
\*---------------------------------------------------------------------------*/
FoamFile
{
    version     2.0;
    format      ascii;
    class       faceList;
    location    "constant/solid/polyMesh";
    object      faces;
}
// * * * * * * * * * * * * * * * * * * * * * * * * * * * * * * * * * * * * * //


2180
(
4(1 32 125 94)
4(31 124 125 32)
4(93 94 125 124)
4(2 33 126 95)
4(32 125 126 33)
4(94 95 126 125)
4(3 34 127 96)
4(33 126 127 34)
4(95 96 127 126)
4(4 35 128 97)
4(34 127 128 35)
4(96 97 128 127)
4(5 36 129 98)
4(35 128 129 36)
4(97 98 129 128)
4(6 37 130 99)
4(36 129 130 37)
4(98 99 130 129)
4(7 38 131 100)
4(37 130 131 38)
4(99 100 131 130)
4(8 39 132 101)
4(38 131 132 39)
4(100 101 132 131)
4(9 40 133 102)
4(39 132 133 40)
4(101 102 133 132)
4(10 41 134 103)
4(40 133 134 41)
4(102 103 134 133)
4(11 42 135 104)
4(41 134 135 42)
4(103 104 135 134)
4(12 43 136 105)
4(42 135 136 43)
4(104 105 136 135)
4(13 44 137 106)
4(43 136 137 44)
4(105 106 137 136)
4(14 45 138 107)
4(44 137 138 45)
4(106 107 138 137)
4(15 46 139 108)
4(45 138 139 46)
4(107 108 139 138)
4(16 47 140 109)
4(46 139 140 47)
4(108 109 140 139)
4(17 48 141 110)
4(47 140 141 48)
4(109 110 141 140)
4(18 49 142 111)
4(48 141 142 49)
4(110 111 142 141)
4(19 50 143 112)
4(49 142 143 50)
4(111 112 143 142)
4(20 51 144 113)
4(50 143 144 51)
4(112 113 144 143)
4(21 52 145 114)
4(51 144 145 52)
4(113 114 145 144)
4(22 53 146 115)
4(52 145 146 53)
4(114 115 146 145)
4(23 54 147 116)
4(53 146 147 54)
4(115 116 147 146)
4(24 55 148 117)
4(54 147 148 55)
4(116 117 148 147)
4(25 56 149 118)
4(55 148 149 56)
4(117 118 149 148)
4(26 57 150 119)
4(56 149 150 57)
4(118 119 150 149)
4(27 58 151 120)
4(57 150 151 58)
4(119 120 151 150)
4(28 59 152 121)
4(58 151 152 59)
4(120 121 152 151)
4(29 60 153 122)
4(59 152 153 60)
4(121 122 153 152)
4(60 153 154 61)
4(122 123 154 153)
4(32 63 156 125)
4(124 125 156 155)
4(33 64 157 126)
4(125 126 157 156)
4(34 65 158 127)
4(126 127 158 157)
4(35 66 159 128)
4(127 128 159 158)
4(36 67 160 129)
4(128 129 160 159)
4(37 68 161 130)
4(129 130 161 160)
4(38 69 162 131)
4(130 131 162 161)
4(39 70 163 132)
4(131 132 163 162)
4(40 71 164 133)
4(132 133 164 163)
4(41 72 165 134)
4(133 134 165 164)
4(42 73 166 135)
4(134 135 166 165)
4(43 74 167 136)
4(135 136 167 166)
4(44 75 168 137)
4(136 137 168 167)
4(45 76 169 138)
4(137 138 169 168)
4(46 77 170 139)
4(138 139 170 169)
4(47 78 171 140)
4(139 140 171 170)
4(48 79 172 141)
4(140 141 172 171)
4(49 80 173 142)
4(141 142 173 172)
4(50 81 174 143)
4(142 143 174 173)
4(51 82 175 144)
4(143 144 175 174)
4(52 83 176 145)
4(144 145 176 175)
4(53 84 177 146)
4(145 146 177 176)
4(54 85 178 147)
4(146 147 178 177)
4(55 86 179 148)
4(147 148 179 178)
4(56 87 180 149)
4(148 149 180 179)
4(57 88 181 150)
4(149 150 181 180)
4(58 89 182 151)
4(150 151 182 181)
4(59 90 183 152)
4(151 152 183 182)
4(60 91 184 153)
4(152 153 184 183)
4(153 154 185 184)
4(94 125 218 187)
4(124 217 218 125)
4(186 187 218 217)
4(95 126 219 188)
4(125 218 219 126)
4(187 188 219 218)
4(96 127 220 189)
4(126 219 220 127)
4(188 189 220 219)
4(97 128 221 190)
4(127 220 221 128)
4(189 190 221 220)
4(98 129 222 191)
4(128 221 222 129)
4(190 191 222 221)
4(99 130 223 192)
4(129 222 223 130)
4(191 192 223 222)
4(100 131 224 193)
4(130 223 224 131)
4(192 193 224 223)
4(101 132 225 194)
4(131 224 225 132)
4(193 194 225 224)
4(102 133 226 195)
4(132 225 226 133)
4(194 195 226 225)
4(103 134 227 196)
4(133 226 227 134)
4(195 196 227 226)
4(104 135 228 197)
4(134 227 228 135)
4(196 197 228 227)
4(105 136 229 198)
4(135 228 229 136)
4(197 198 229 228)
4(106 137 230 199)
4(136 229 230 137)
4(198 199 230 229)
4(107 138 231 200)
4(137 230 231 138)
4(199 200 231 230)
4(108 139 232 201)
4(138 231 232 139)
4(200 201 232 231)
4(109 140 233 202)
4(139 232 233 140)
4(201 202 233 232)
4(110 141 234 203)
4(140 233 234 141)
4(202 203 234 233)
4(111 142 235 204)
4(141 234 235 142)
4(203 204 235 234)
4(112 143 236 205)
4(142 235 236 143)
4(204 205 236 235)
4(113 144 237 206)
4(143 236 237 144)
4(205 206 237 236)
4(114 145 238 207)
4(144 237 238 145)
4(206 207 238 237)
4(115 146 239 208)
4(145 238 239 146)
4(207 208 239 238)
4(116 147 240 209)
4(146 239 240 147)
4(208 209 240 239)
4(117 148 241 210)
4(147 240 241 148)
4(209 210 241 240)
4(118 149 242 211)
4(148 241 242 149)
4(210 211 242 241)
4(119 150 243 212)
4(149 242 243 150)
4(211 212 243 242)
4(120 151 244 213)
4(150 243 244 151)
4(212 213 244 243)
4(121 152 245 214)
4(151 244 245 152)
4(213 214 245 244)
4(122 153 246 215)
4(152 245 246 153)
4(214 215 246 245)
4(153 246 247 154)
4(215 216 247 246)
4(125 156 249 218)
4(217 218 249 248)
4(126 157 250 219)
4(218 219 250 249)
4(127 158 251 220)
4(219 220 251 250)
4(128 159 252 221)
4(220 221 252 251)
4(129 160 253 222)
4(221 222 253 252)
4(130 161 254 223)
4(222 223 254 253)
4(131 162 255 224)
4(223 224 255 254)
4(132 163 256 225)
4(224 225 256 255)
4(133 164 257 226)
4(225 226 257 256)
4(134 165 258 227)
4(226 227 258 257)
4(135 166 259 228)
4(227 228 259 258)
4(136 167 260 229)
4(228 229 260 259)
4(137 168 261 230)
4(229 230 261 260)
4(138 169 262 231)
4(230 231 262 261)
4(139 170 263 232)
4(231 232 263 262)
4(140 171 264 233)
4(232 233 264 263)
4(141 172 265 234)
4(233 234 265 264)
4(142 173 266 235)
4(234 235 266 265)
4(143 174 267 236)
4(235 236 267 266)
4(144 175 268 237)
4(236 237 268 267)
4(145 176 269 238)
4(237 238 269 268)
4(146 177 270 239)
4(238 239 270 269)
4(147 178 271 240)
4(239 240 271 270)
4(148 179 272 241)
4(240 241 272 271)
4(149 180 273 242)
4(241 242 273 272)
4(150 181 274 243)
4(242 243 274 273)
4(151 182 275 244)
4(243 244 275 274)
4(152 183 276 245)
4(244 245 276 275)
4(153 184 277 246)
4(245 246 277 276)
4(246 247 278 277)
4(187 218 311 280)
4(217 310 311 218)
4(279 280 311 310)
4(188 219 312 281)
4(218 311 312 219)
4(280 281 312 311)
4(189 220 313 282)
4(219 312 313 220)
4(281 282 313 312)
4(190 221 314 283)
4(220 313 314 221)
4(282 283 314 313)
4(191 222 315 284)
4(221 314 315 222)
4(283 284 315 314)
4(192 223 316 285)
4(222 315 316 223)
4(284 285 316 315)
4(193 224 317 286)
4(223 316 317 224)
4(285 286 317 316)
4(194 225 318 287)
4(224 317 318 225)
4(286 287 318 317)
4(195 226 319 288)
4(225 318 319 226)
4(287 288 319 318)
4(196 227 320 289)
4(226 319 320 227)
4(288 289 320 319)
4(197 228 321 290)
4(227 320 321 228)
4(289 290 321 320)
4(198 229 322 291)
4(228 321 322 229)
4(290 291 322 321)
4(199 230 323 292)
4(229 322 323 230)
4(291 292 323 322)
4(200 231 324 293)
4(230 323 324 231)
4(292 293 324 323)
4(201 232 325 294)
4(231 324 325 232)
4(293 294 325 324)
4(202 233 326 295)
4(232 325 326 233)
4(294 295 326 325)
4(203 234 327 296)
4(233 326 327 234)
4(295 296 327 326)
4(204 235 328 297)
4(234 327 328 235)
4(296 297 328 327)
4(205 236 329 298)
4(235 328 329 236)
4(297 298 329 328)
4(206 237 330 299)
4(236 329 330 237)
4(298 299 330 329)
4(207 238 331 300)
4(237 330 331 238)
4(299 300 331 330)
4(208 239 332 301)
4(238 331 332 239)
4(300 301 332 331)
4(209 240 333 302)
4(239 332 333 240)
4(301 302 333 332)
4(210 241 334 303)
4(240 333 334 241)
4(302 303 334 333)
4(211 242 335 304)
4(241 334 335 242)
4(303 304 335 334)
4(212 243 336 305)
4(242 335 336 243)
4(304 305 336 335)
4(213 244 337 306)
4(243 336 337 244)
4(305 306 337 336)
4(214 245 338 307)
4(244 337 338 245)
4(306 307 338 337)
4(215 246 339 308)
4(245 338 339 246)
4(307 308 339 338)
4(246 339 340 247)
4(308 309 340 339)
4(218 249 342 311)
4(310 311 342 341)
4(219 250 343 312)
4(311 312 343 342)
4(220 251 344 313)
4(312 313 344 343)
4(221 252 345 314)
4(313 314 345 344)
4(222 253 346 315)
4(314 315 346 345)
4(223 254 347 316)
4(315 316 347 346)
4(224 255 348 317)
4(316 317 348 347)
4(225 256 349 318)
4(317 318 349 348)
4(226 257 350 319)
4(318 319 350 349)
4(227 258 351 320)
4(319 320 351 350)
4(228 259 352 321)
4(320 321 352 351)
4(229 260 353 322)
4(321 322 353 352)
4(230 261 354 323)
4(322 323 354 353)
4(231 262 355 324)
4(323 324 355 354)
4(232 263 356 325)
4(324 325 356 355)
4(233 264 357 326)
4(325 326 357 356)
4(234 265 358 327)
4(326 327 358 357)
4(235 266 359 328)
4(327 328 359 358)
4(236 267 360 329)
4(328 329 360 359)
4(237 268 361 330)
4(329 330 361 360)
4(238 269 362 331)
4(330 331 362 361)
4(239 270 363 332)
4(331 332 363 362)
4(240 271 364 333)
4(332 333 364 363)
4(241 272 365 334)
4(333 334 365 364)
4(242 273 366 335)
4(334 335 366 365)
4(243 274 367 336)
4(335 336 367 366)
4(244 275 368 337)
4(336 337 368 367)
4(245 276 369 338)
4(337 338 369 368)
4(246 277 370 339)
4(338 339 370 369)
4(339 340 371 370)
4(280 311 404 373)
4(310 403 404 311)
4(372 373 404 403)
4(281 312 405 374)
4(311 404 405 312)
4(373 374 405 404)
4(282 313 406 375)
4(312 405 406 313)
4(374 375 406 405)
4(283 314 407 376)
4(313 406 407 314)
4(375 376 407 406)
4(284 315 408 377)
4(314 407 408 315)
4(376 377 408 407)
4(285 316 409 378)
4(315 408 409 316)
4(377 378 409 408)
4(286 317 410 379)
4(316 409 410 317)
4(378 379 410 409)
4(287 318 411 380)
4(317 410 411 318)
4(379 380 411 410)
4(288 319 412 381)
4(318 411 412 319)
4(380 381 412 411)
4(289 320 413 382)
4(319 412 413 320)
4(381 382 413 412)
4(290 321 414 383)
4(320 413 414 321)
4(382 383 414 413)
4(291 322 415 384)
4(321 414 415 322)
4(383 384 415 414)
4(292 323 416 385)
4(322 415 416 323)
4(384 385 416 415)
4(293 324 417 386)
4(323 416 417 324)
4(385 386 417 416)
4(294 325 418 387)
4(324 417 418 325)
4(386 387 418 417)
4(295 326 419 388)
4(325 418 419 326)
4(387 388 419 418)
4(296 327 420 389)
4(326 419 420 327)
4(388 389 420 419)
4(297 328 421 390)
4(327 420 421 328)
4(389 390 421 420)
4(298 329 422 391)
4(328 421 422 329)
4(390 391 422 421)
4(299 330 423 392)
4(329 422 423 330)
4(391 392 423 422)
4(300 331 424 393)
4(330 423 424 331)
4(392 393 424 423)
4(301 332 425 394)
4(331 424 425 332)
4(393 394 425 424)
4(302 333 426 395)
4(332 425 426 333)
4(394 395 426 425)
4(303 334 427 396)
4(333 426 427 334)
4(395 396 427 426)
4(304 335 428 397)
4(334 427 428 335)
4(396 397 428 427)
4(305 336 429 398)
4(335 428 429 336)
4(397 398 429 428)
4(306 337 430 399)
4(336 429 430 337)
4(398 399 430 429)
4(307 338 431 400)
4(337 430 431 338)
4(399 400 431 430)
4(308 339 432 401)
4(338 431 432 339)
4(400 401 432 431)
4(339 432 433 340)
4(401 402 433 432)
4(311 342 435 404)
4(403 404 435 434)
4(312 343 436 405)
4(404 405 436 435)
4(313 344 437 406)
4(405 406 437 436)
4(314 345 438 407)
4(406 407 438 437)
4(315 346 439 408)
4(407 408 439 438)
4(316 347 440 409)
4(408 409 440 439)
4(317 348 441 410)
4(409 410 441 440)
4(318 349 442 411)
4(410 411 442 441)
4(319 350 443 412)
4(411 412 443 442)
4(320 351 444 413)
4(412 413 444 443)
4(321 352 445 414)
4(413 414 445 444)
4(322 353 446 415)
4(414 415 446 445)
4(323 354 447 416)
4(415 416 447 446)
4(324 355 448 417)
4(416 417 448 447)
4(325 356 449 418)
4(417 418 449 448)
4(326 357 450 419)
4(418 419 450 449)
4(327 358 451 420)
4(419 420 451 450)
4(328 359 452 421)
4(420 421 452 451)
4(329 360 453 422)
4(421 422 453 452)
4(330 361 454 423)
4(422 423 454 453)
4(331 362 455 424)
4(423 424 455 454)
4(332 363 456 425)
4(424 425 456 455)
4(333 364 457 426)
4(425 426 457 456)
4(334 365 458 427)
4(426 427 458 457)
4(335 366 459 428)
4(427 428 459 458)
4(336 367 460 429)
4(428 429 460 459)
4(337 368 461 430)
4(429 430 461 460)
4(338 369 462 431)
4(430 431 462 461)
4(339 370 463 432)
4(431 432 463 462)
4(432 433 464 463)
4(373 404 497 466)
4(403 496 497 404)
4(465 466 497 496)
4(374 405 498 467)
4(404 497 498 405)
4(466 467 498 497)
4(375 406 499 468)
4(405 498 499 406)
4(467 468 499 498)
4(376 407 500 469)
4(406 499 500 407)
4(468 469 500 499)
4(377 408 501 470)
4(407 500 501 408)
4(469 470 501 500)
4(378 409 502 471)
4(408 501 502 409)
4(470 471 502 501)
4(379 410 503 472)
4(409 502 503 410)
4(471 472 503 502)
4(380 411 504 473)
4(410 503 504 411)
4(472 473 504 503)
4(381 412 505 474)
4(411 504 505 412)
4(473 474 505 504)
4(382 413 506 475)
4(412 505 506 413)
4(474 475 506 505)
4(383 414 507 476)
4(413 506 507 414)
4(475 476 507 506)
4(384 415 508 477)
4(414 507 508 415)
4(476 477 508 507)
4(385 416 509 478)
4(415 508 509 416)
4(477 478 509 508)
4(386 417 510 479)
4(416 509 510 417)
4(478 479 510 509)
4(387 418 511 480)
4(417 510 511 418)
4(479 480 511 510)
4(388 419 512 481)
4(418 511 512 419)
4(480 481 512 511)
4(389 420 513 482)
4(419 512 513 420)
4(481 482 513 512)
4(390 421 514 483)
4(420 513 514 421)
4(482 483 514 513)
4(391 422 515 484)
4(421 514 515 422)
4(483 484 515 514)
4(392 423 516 485)
4(422 515 516 423)
4(484 485 516 515)
4(393 424 517 486)
4(423 516 517 424)
4(485 486 517 516)
4(394 425 518 487)
4(424 517 518 425)
4(486 487 518 517)
4(395 426 519 488)
4(425 518 519 426)
4(487 488 519 518)
4(396 427 520 489)
4(426 519 520 427)
4(488 489 520 519)
4(397 428 521 490)
4(427 520 521 428)
4(489 490 521 520)
4(398 429 522 491)
4(428 521 522 429)
4(490 491 522 521)
4(399 430 523 492)
4(429 522 523 430)
4(491 492 523 522)
4(400 431 524 493)
4(430 523 524 431)
4(492 493 524 523)
4(401 432 525 494)
4(431 524 525 432)
4(493 494 525 524)
4(432 525 526 433)
4(494 495 526 525)
4(404 435 528 497)
4(496 497 528 527)
4(405 436 529 498)
4(497 498 529 528)
4(406 437 530 499)
4(498 499 530 529)
4(407 438 531 500)
4(499 500 531 530)
4(408 439 532 501)
4(500 501 532 531)
4(409 440 533 502)
4(501 502 533 532)
4(410 441 534 503)
4(502 503 534 533)
4(411 442 535 504)
4(503 504 535 534)
4(412 443 536 505)
4(504 505 536 535)
4(413 444 537 506)
4(505 506 537 536)
4(414 445 538 507)
4(506 507 538 537)
4(415 446 539 508)
4(507 508 539 538)
4(416 447 540 509)
4(508 509 540 539)
4(417 448 541 510)
4(509 510 541 540)
4(418 449 542 511)
4(510 511 542 541)
4(419 450 543 512)
4(511 512 543 542)
4(420 451 544 513)
4(512 513 544 543)
4(421 452 545 514)
4(513 514 545 544)
4(422 453 546 515)
4(514 515 546 545)
4(423 454 547 516)
4(515 516 547 546)
4(424 455 548 517)
4(516 517 548 547)
4(425 456 549 518)
4(517 518 549 548)
4(426 457 550 519)
4(518 519 550 549)
4(427 458 551 520)
4(519 520 551 550)
4(428 459 552 521)
4(520 521 552 551)
4(429 460 553 522)
4(521 522 553 552)
4(430 461 554 523)
4(522 523 554 553)
4(431 462 555 524)
4(523 524 555 554)
4(432 463 556 525)
4(524 525 556 555)
4(525 526 557 556)
4(466 497 590 559)
4(496 589 590 497)
4(558 559 590 589)
4(467 498 591 560)
4(497 590 591 498)
4(559 560 591 590)
4(468 499 592 561)
4(498 591 592 499)
4(560 561 592 591)
4(469 500 593 562)
4(499 592 593 500)
4(561 562 593 592)
4(470 501 594 563)
4(500 593 594 501)
4(562 563 594 593)
4(471 502 595 564)
4(501 594 595 502)
4(563 564 595 594)
4(472 503 596 565)
4(502 595 596 503)
4(564 565 596 595)
4(473 504 597 566)
4(503 596 597 504)
4(565 566 597 596)
4(474 505 598 567)
4(504 597 598 505)
4(566 567 598 597)
4(475 506 599 568)
4(505 598 599 506)
4(567 568 599 598)
4(476 507 600 569)
4(506 599 600 507)
4(568 569 600 599)
4(477 508 601 570)
4(507 600 601 508)
4(569 570 601 600)
4(478 509 602 571)
4(508 601 602 509)
4(570 571 602 601)
4(479 510 603 572)
4(509 602 603 510)
4(571 572 603 602)
4(480 511 604 573)
4(510 603 604 511)
4(572 573 604 603)
4(481 512 605 574)
4(511 604 605 512)
4(573 574 605 604)
4(482 513 606 575)
4(512 605 606 513)
4(574 575 606 605)
4(483 514 607 576)
4(513 606 607 514)
4(575 576 607 606)
4(484 515 608 577)
4(514 607 608 515)
4(576 577 608 607)
4(485 516 609 578)
4(515 608 609 516)
4(577 578 609 608)
4(486 517 610 579)
4(516 609 610 517)
4(578 579 610 609)
4(487 518 611 580)
4(517 610 611 518)
4(579 580 611 610)
4(488 519 612 581)
4(518 611 612 519)
4(580 581 612 611)
4(489 520 613 582)
4(519 612 613 520)
4(581 582 613 612)
4(490 521 614 583)
4(520 613 614 521)
4(582 583 614 613)
4(491 522 615 584)
4(521 614 615 522)
4(583 584 615 614)
4(492 523 616 585)
4(522 615 616 523)
4(584 585 616 615)
4(493 524 617 586)
4(523 616 617 524)
4(585 586 617 616)
4(494 525 618 587)
4(524 617 618 525)
4(586 587 618 617)
4(525 618 619 526)
4(587 588 619 618)
4(497 528 621 590)
4(589 590 621 620)
4(498 529 622 591)
4(590 591 622 621)
4(499 530 623 592)
4(591 592 623 622)
4(500 531 624 593)
4(592 593 624 623)
4(501 532 625 594)
4(593 594 625 624)
4(502 533 626 595)
4(594 595 626 625)
4(503 534 627 596)
4(595 596 627 626)
4(504 535 628 597)
4(596 597 628 627)
4(505 536 629 598)
4(597 598 629 628)
4(506 537 630 599)
4(598 599 630 629)
4(507 538 631 600)
4(599 600 631 630)
4(508 539 632 601)
4(600 601 632 631)
4(509 540 633 602)
4(601 602 633 632)
4(510 541 634 603)
4(602 603 634 633)
4(511 542 635 604)
4(603 604 635 634)
4(512 543 636 605)
4(604 605 636 635)
4(513 544 637 606)
4(605 606 637 636)
4(514 545 638 607)
4(606 607 638 637)
4(515 546 639 608)
4(607 608 639 638)
4(516 547 640 609)
4(608 609 640 639)
4(517 548 641 610)
4(609 610 641 640)
4(518 549 642 611)
4(610 611 642 641)
4(519 550 643 612)
4(611 612 643 642)
4(520 551 644 613)
4(612 613 644 643)
4(521 552 645 614)
4(613 614 645 644)
4(522 553 646 615)
4(614 615 646 645)
4(523 554 647 616)
4(615 616 647 646)
4(524 555 648 617)
4(616 617 648 647)
4(525 556 649 618)
4(617 618 649 648)
4(618 619 650 649)
4(559 590 683 652)
4(589 682 683 590)
4(651 652 683 682)
4(560 591 684 653)
4(590 683 684 591)
4(652 653 684 683)
4(561 592 685 654)
4(591 684 685 592)
4(653 654 685 684)
4(562 593 686 655)
4(592 685 686 593)
4(654 655 686 685)
4(563 594 687 656)
4(593 686 687 594)
4(655 656 687 686)
4(564 595 688 657)
4(594 687 688 595)
4(656 657 688 687)
4(565 596 689 658)
4(595 688 689 596)
4(657 658 689 688)
4(566 597 690 659)
4(596 689 690 597)
4(658 659 690 689)
4(567 598 691 660)
4(597 690 691 598)
4(659 660 691 690)
4(568 599 692 661)
4(598 691 692 599)
4(660 661 692 691)
4(569 600 693 662)
4(599 692 693 600)
4(661 662 693 692)
4(570 601 694 663)
4(600 693 694 601)
4(662 663 694 693)
4(571 602 695 664)
4(601 694 695 602)
4(663 664 695 694)
4(572 603 696 665)
4(602 695 696 603)
4(664 665 696 695)
4(573 604 697 666)
4(603 696 697 604)
4(665 666 697 696)
4(574 605 698 667)
4(604 697 698 605)
4(666 667 698 697)
4(575 606 699 668)
4(605 698 699 606)
4(667 668 699 698)
4(576 607 700 669)
4(606 699 700 607)
4(668 669 700 699)
4(577 608 701 670)
4(607 700 701 608)
4(669 670 701 700)
4(578 609 702 671)
4(608 701 702 609)
4(670 671 702 701)
4(579 610 703 672)
4(609 702 703 610)
4(671 672 703 702)
4(580 611 704 673)
4(610 703 704 611)
4(672 673 704 703)
4(581 612 705 674)
4(611 704 705 612)
4(673 674 705 704)
4(582 613 706 675)
4(612 705 706 613)
4(674 675 706 705)
4(583 614 707 676)
4(613 706 707 614)
4(675 676 707 706)
4(584 615 708 677)
4(614 707 708 615)
4(676 677 708 707)
4(585 616 709 678)
4(615 708 709 616)
4(677 678 709 708)
4(586 617 710 679)
4(616 709 710 617)
4(678 679 710 709)
4(587 618 711 680)
4(617 710 711 618)
4(679 680 711 710)
4(618 711 712 619)
4(680 681 712 711)
4(590 621 714 683)
4(682 683 714 713)
4(591 622 715 684)
4(683 684 715 714)
4(592 623 716 685)
4(684 685 716 715)
4(593 624 717 686)
4(685 686 717 716)
4(594 625 718 687)
4(686 687 718 717)
4(595 626 719 688)
4(687 688 719 718)
4(596 627 720 689)
4(688 689 720 719)
4(597 628 721 690)
4(689 690 721 720)
4(598 629 722 691)
4(690 691 722 721)
4(599 630 723 692)
4(691 692 723 722)
4(600 631 724 693)
4(692 693 724 723)
4(601 632 725 694)
4(693 694 725 724)
4(602 633 726 695)
4(694 695 726 725)
4(603 634 727 696)
4(695 696 727 726)
4(604 635 728 697)
4(696 697 728 727)
4(605 636 729 698)
4(697 698 729 728)
4(606 637 730 699)
4(698 699 730 729)
4(607 638 731 700)
4(699 700 731 730)
4(608 639 732 701)
4(700 701 732 731)
4(609 640 733 702)
4(701 702 733 732)
4(610 641 734 703)
4(702 703 734 733)
4(611 642 735 704)
4(703 704 735 734)
4(612 643 736 705)
4(704 705 736 735)
4(613 644 737 706)
4(705 706 737 736)
4(614 645 738 707)
4(706 707 738 737)
4(615 646 739 708)
4(707 708 739 738)
4(616 647 740 709)
4(708 709 740 739)
4(617 648 741 710)
4(709 710 741 740)
4(618 649 742 711)
4(710 711 742 741)
4(711 712 743 742)
4(652 683 776 745)
4(682 775 776 683)
4(744 745 776 775)
4(653 684 777 746)
4(683 776 777 684)
4(745 746 777 776)
4(654 685 778 747)
4(684 777 778 685)
4(746 747 778 777)
4(655 686 779 748)
4(685 778 779 686)
4(747 748 779 778)
4(656 687 780 749)
4(686 779 780 687)
4(748 749 780 779)
4(657 688 781 750)
4(687 780 781 688)
4(749 750 781 780)
4(658 689 782 751)
4(688 781 782 689)
4(750 751 782 781)
4(659 690 783 752)
4(689 782 783 690)
4(751 752 783 782)
4(660 691 784 753)
4(690 783 784 691)
4(752 753 784 783)
4(661 692 785 754)
4(691 784 785 692)
4(753 754 785 784)
4(662 693 786 755)
4(692 785 786 693)
4(754 755 786 785)
4(663 694 787 756)
4(693 786 787 694)
4(755 756 787 786)
4(664 695 788 757)
4(694 787 788 695)
4(756 757 788 787)
4(665 696 789 758)
4(695 788 789 696)
4(757 758 789 788)
4(666 697 790 759)
4(696 789 790 697)
4(758 759 790 789)
4(667 698 791 760)
4(697 790 791 698)
4(759 760 791 790)
4(668 699 792 761)
4(698 791 792 699)
4(760 761 792 791)
4(669 700 793 762)
4(699 792 793 700)
4(761 762 793 792)
4(670 701 794 763)
4(700 793 794 701)
4(762 763 794 793)
4(671 702 795 764)
4(701 794 795 702)
4(763 764 795 794)
4(672 703 796 765)
4(702 795 796 703)
4(764 765 796 795)
4(673 704 797 766)
4(703 796 797 704)
4(765 766 797 796)
4(674 705 798 767)
4(704 797 798 705)
4(766 767 798 797)
4(675 706 799 768)
4(705 798 799 706)
4(767 768 799 798)
4(676 707 800 769)
4(706 799 800 707)
4(768 769 800 799)
4(677 708 801 770)
4(707 800 801 708)
4(769 770 801 800)
4(678 709 802 771)
4(708 801 802 709)
4(770 771 802 801)
4(679 710 803 772)
4(709 802 803 710)
4(771 772 803 802)
4(680 711 804 773)
4(710 803 804 711)
4(772 773 804 803)
4(711 804 805 712)
4(773 774 805 804)
4(683 714 807 776)
4(775 776 807 806)
4(684 715 808 777)
4(776 777 808 807)
4(685 716 809 778)
4(777 778 809 808)
4(686 717 810 779)
4(778 779 810 809)
4(687 718 811 780)
4(779 780 811 810)
4(688 719 812 781)
4(780 781 812 811)
4(689 720 813 782)
4(781 782 813 812)
4(690 721 814 783)
4(782 783 814 813)
4(691 722 815 784)
4(783 784 815 814)
4(692 723 816 785)
4(784 785 816 815)
4(693 724 817 786)
4(785 786 817 816)
4(694 725 818 787)
4(786 787 818 817)
4(695 726 819 788)
4(787 788 819 818)
4(696 727 820 789)
4(788 789 820 819)
4(697 728 821 790)
4(789 790 821 820)
4(698 729 822 791)
4(790 791 822 821)
4(699 730 823 792)
4(791 792 823 822)
4(700 731 824 793)
4(792 793 824 823)
4(701 732 825 794)
4(793 794 825 824)
4(702 733 826 795)
4(794 795 826 825)
4(703 734 827 796)
4(795 796 827 826)
4(704 735 828 797)
4(796 797 828 827)
4(705 736 829 798)
4(797 798 829 828)
4(706 737 830 799)
4(798 799 830 829)
4(707 738 831 800)
4(799 800 831 830)
4(708 739 832 801)
4(800 801 832 831)
4(709 740 833 802)
4(801 802 833 832)
4(710 741 834 803)
4(802 803 834 833)
4(711 742 835 804)
4(803 804 835 834)
4(804 805 836 835)
4(745 776 869 838)
4(775 868 869 776)
4(837 838 869 868)
4(746 777 870 839)
4(776 869 870 777)
4(838 839 870 869)
4(747 778 871 840)
4(777 870 871 778)
4(839 840 871 870)
4(748 779 872 841)
4(778 871 872 779)
4(840 841 872 871)
4(749 780 873 842)
4(779 872 873 780)
4(841 842 873 872)
4(750 781 874 843)
4(780 873 874 781)
4(842 843 874 873)
4(751 782 875 844)
4(781 874 875 782)
4(843 844 875 874)
4(752 783 876 845)
4(782 875 876 783)
4(844 845 876 875)
4(753 784 877 846)
4(783 876 877 784)
4(845 846 877 876)
4(754 785 878 847)
4(784 877 878 785)
4(846 847 878 877)
4(755 786 879 848)
4(785 878 879 786)
4(847 848 879 878)
4(756 787 880 849)
4(786 879 880 787)
4(848 849 880 879)
4(757 788 881 850)
4(787 880 881 788)
4(849 850 881 880)
4(758 789 882 851)
4(788 881 882 789)
4(850 851 882 881)
4(759 790 883 852)
4(789 882 883 790)
4(851 852 883 882)
4(760 791 884 853)
4(790 883 884 791)
4(852 853 884 883)
4(761 792 885 854)
4(791 884 885 792)
4(853 854 885 884)
4(762 793 886 855)
4(792 885 886 793)
4(854 855 886 885)
4(763 794 887 856)
4(793 886 887 794)
4(855 856 887 886)
4(764 795 888 857)
4(794 887 888 795)
4(856 857 888 887)
4(765 796 889 858)
4(795 888 889 796)
4(857 858 889 888)
4(766 797 890 859)
4(796 889 890 797)
4(858 859 890 889)
4(767 798 891 860)
4(797 890 891 798)
4(859 860 891 890)
4(768 799 892 861)
4(798 891 892 799)
4(860 861 892 891)
4(769 800 893 862)
4(799 892 893 800)
4(861 862 893 892)
4(770 801 894 863)
4(800 893 894 801)
4(862 863 894 893)
4(771 802 895 864)
4(801 894 895 802)
4(863 864 895 894)
4(772 803 896 865)
4(802 895 896 803)
4(864 865 896 895)
4(773 804 897 866)
4(803 896 897 804)
4(865 866 897 896)
4(804 897 898 805)
4(866 867 898 897)
4(776 807 900 869)
4(868 869 900 899)
4(777 808 901 870)
4(869 870 901 900)
4(778 809 902 871)
4(870 871 902 901)
4(779 810 903 872)
4(871 872 903 902)
4(780 811 904 873)
4(872 873 904 903)
4(781 812 905 874)
4(873 874 905 904)
4(782 813 906 875)
4(874 875 906 905)
4(783 814 907 876)
4(875 876 907 906)
4(784 815 908 877)
4(876 877 908 907)
4(785 816 909 878)
4(877 878 909 908)
4(786 817 910 879)
4(878 879 910 909)
4(787 818 911 880)
4(879 880 911 910)
4(788 819 912 881)
4(880 881 912 911)
4(789 820 913 882)
4(881 882 913 912)
4(790 821 914 883)
4(882 883 914 913)
4(791 822 915 884)
4(883 884 915 914)
4(792 823 916 885)
4(884 885 916 915)
4(793 824 917 886)
4(885 886 917 916)
4(794 825 918 887)
4(886 887 918 917)
4(795 826 919 888)
4(887 888 919 918)
4(796 827 920 889)
4(888 889 920 919)
4(797 828 921 890)
4(889 890 921 920)
4(798 829 922 891)
4(890 891 922 921)
4(799 830 923 892)
4(891 892 923 922)
4(800 831 924 893)
4(892 893 924 923)
4(801 832 925 894)
4(893 894 925 924)
4(802 833 926 895)
4(894 895 926 925)
4(803 834 927 896)
4(895 896 927 926)
4(804 835 928 897)
4(896 897 928 927)
4(897 898 929 928)
4(838 869 962 931)
4(868 961 962 869)
4(839 870 963 932)
4(869 962 963 870)
4(840 871 964 933)
4(870 963 964 871)
4(841 872 965 934)
4(871 964 965 872)
4(842 873 966 935)
4(872 965 966 873)
4(843 874 967 936)
4(873 966 967 874)
4(844 875 968 937)
4(874 967 968 875)
4(845 876 969 938)
4(875 968 969 876)
4(846 877 970 939)
4(876 969 970 877)
4(847 878 971 940)
4(877 970 971 878)
4(848 879 972 941)
4(878 971 972 879)
4(849 880 973 942)
4(879 972 973 880)
4(850 881 974 943)
4(880 973 974 881)
4(851 882 975 944)
4(881 974 975 882)
4(852 883 976 945)
4(882 975 976 883)
4(853 884 977 946)
4(883 976 977 884)
4(854 885 978 947)
4(884 977 978 885)
4(855 886 979 948)
4(885 978 979 886)
4(856 887 980 949)
4(886 979 980 887)
4(857 888 981 950)
4(887 980 981 888)
4(858 889 982 951)
4(888 981 982 889)
4(859 890 983 952)
4(889 982 983 890)
4(860 891 984 953)
4(890 983 984 891)
4(861 892 985 954)
4(891 984 985 892)
4(862 893 986 955)
4(892 985 986 893)
4(863 894 987 956)
4(893 986 987 894)
4(864 895 988 957)
4(894 987 988 895)
4(865 896 989 958)
4(895 988 989 896)
4(866 897 990 959)
4(896 989 990 897)
4(897 990 991 898)
4(869 900 993 962)
4(870 901 994 963)
4(871 902 995 964)
4(872 903 996 965)
4(873 904 997 966)
4(874 905 998 967)
4(875 906 999 968)
4(876 907 1000 969)
4(877 908 1001 970)
4(878 909 1002 971)
4(879 910 1003 972)
4(880 911 1004 973)
4(881 912 1005 974)
4(882 913 1006 975)
4(883 914 1007 976)
4(884 915 1008 977)
4(885 916 1009 978)
4(886 917 1010 979)
4(887 918 1011 980)
4(888 919 1012 981)
4(889 920 1013 982)
4(890 921 1014 983)
4(891 922 1015 984)
4(892 923 1016 985)
4(893 924 1017 986)
4(894 925 1018 987)
4(895 926 1019 988)
4(896 927 1020 989)
4(897 928 1021 990)
4(0 93 124 31)
4(31 124 155 62)
4(93 186 217 124)
4(124 217 248 155)
4(186 279 310 217)
4(217 310 341 248)
4(279 372 403 310)
4(310 403 434 341)
4(372 465 496 403)
4(403 496 527 434)
4(465 558 589 496)
4(496 589 620 527)
4(558 651 682 589)
4(589 682 713 620)
4(651 744 775 682)
4(682 775 806 713)
4(744 837 868 775)
4(775 868 899 806)
4(837 930 961 868)
4(868 961 992 899)
4(30 61 154 123)
4(61 92 185 154)
4(123 154 247 216)
4(154 185 278 247)
4(216 247 340 309)
4(247 278 371 340)
4(309 340 433 402)
4(340 371 464 433)
4(402 433 526 495)
4(433 464 557 526)
4(495 526 619 588)
4(526 557 650 619)
4(588 619 712 681)
4(619 650 743 712)
4(681 712 805 774)
4(712 743 836 805)
4(774 805 898 867)
4(805 836 929 898)
4(867 898 991 960)
4(898 929 1022 991)
4(0 31 32 1)
4(31 62 63 32)
4(1 32 33 2)
4(32 63 64 33)
4(2 33 34 3)
4(33 64 65 34)
4(3 34 35 4)
4(34 65 66 35)
4(4 35 36 5)
4(35 66 67 36)
4(5 36 37 6)
4(36 67 68 37)
4(6 37 38 7)
4(37 68 69 38)
4(7 38 39 8)
4(38 69 70 39)
4(8 39 40 9)
4(39 70 71 40)
4(9 40 41 10)
4(40 71 72 41)
4(10 41 42 11)
4(41 72 73 42)
4(11 42 43 12)
4(42 73 74 43)
4(12 43 44 13)
4(43 74 75 44)
4(13 44 45 14)
4(44 75 76 45)
4(14 45 46 15)
4(45 76 77 46)
4(15 46 47 16)
4(46 77 78 47)
4(16 47 48 17)
4(47 78 79 48)
4(17 48 49 18)
4(48 79 80 49)
4(18 49 50 19)
4(49 80 81 50)
4(19 50 51 20)
4(50 81 82 51)
4(20 51 52 21)
4(51 82 83 52)
4(21 52 53 22)
4(52 83 84 53)
4(22 53 54 23)
4(53 84 85 54)
4(23 54 55 24)
4(54 85 86 55)
4(24 55 56 25)
4(55 86 87 56)
4(25 56 57 26)
4(56 87 88 57)
4(26 57 58 27)
4(57 88 89 58)
4(27 58 59 28)
4(58 89 90 59)
4(28 59 60 29)
4(59 90 91 60)
4(29 60 61 30)
4(60 91 92 61)
4(930 931 962 961)
4(961 962 993 992)
4(931 932 963 962)
4(962 963 994 993)
4(932 933 964 963)
4(963 964 995 994)
4(933 934 965 964)
4(964 965 996 995)
4(934 935 966 965)
4(965 966 997 996)
4(935 936 967 966)
4(966 967 998 997)
4(936 937 968 967)
4(967 968 999 998)
4(937 938 969 968)
4(968 969 1000 999)
4(938 939 970 969)
4(969 970 1001 1000)
4(939 940 971 970)
4(970 971 1002 1001)
4(940 941 972 971)
4(971 972 1003 1002)
4(941 942 973 972)
4(972 973 1004 1003)
4(942 943 974 973)
4(973 974 1005 1004)
4(943 944 975 974)
4(974 975 1006 1005)
4(944 945 976 975)
4(975 976 1007 1006)
4(945 946 977 976)
4(976 977 1008 1007)
4(946 947 978 977)
4(977 978 1009 1008)
4(947 948 979 978)
4(978 979 1010 1009)
4(948 949 980 979)
4(979 980 1011 1010)
4(949 950 981 980)
4(980 981 1012 1011)
4(950 951 982 981)
4(981 982 1013 1012)
4(951 952 983 982)
4(982 983 1014 1013)
4(952 953 984 983)
4(983 984 1015 1014)
4(953 954 985 984)
4(984 985 1016 1015)
4(954 955 986 985)
4(985 986 1017 1016)
4(955 956 987 986)
4(986 987 1018 1017)
4(956 957 988 987)
4(987 988 1019 1018)
4(957 958 989 988)
4(988 989 1020 1019)
4(958 959 990 989)
4(989 990 1021 1020)
4(959 960 991 990)
4(990 991 1022 1021)
4(62 155 156 63)
4(63 156 157 64)
4(64 157 158 65)
4(65 158 159 66)
4(66 159 160 67)
4(67 160 161 68)
4(68 161 162 69)
4(69 162 163 70)
4(70 163 164 71)
4(71 164 165 72)
4(72 165 166 73)
4(73 166 167 74)
4(74 167 168 75)
4(75 168 169 76)
4(76 169 170 77)
4(77 170 171 78)
4(78 171 172 79)
4(79 172 173 80)
4(80 173 174 81)
4(81 174 175 82)
4(82 175 176 83)
4(83 176 177 84)
4(84 177 178 85)
4(85 178 179 86)
4(86 179 180 87)
4(87 180 181 88)
4(88 181 182 89)
4(89 182 183 90)
4(90 183 184 91)
4(91 184 185 92)
4(155 248 249 156)
4(156 249 250 157)
4(157 250 251 158)
4(158 251 252 159)
4(159 252 253 160)
4(160 253 254 161)
4(161 254 255 162)
4(162 255 256 163)
4(163 256 257 164)
4(164 257 258 165)
4(165 258 259 166)
4(166 259 260 167)
4(167 260 261 168)
4(168 261 262 169)
4(169 262 263 170)
4(170 263 264 171)
4(171 264 265 172)
4(172 265 266 173)
4(173 266 267 174)
4(174 267 268 175)
4(175 268 269 176)
4(176 269 270 177)
4(177 270 271 178)
4(178 271 272 179)
4(179 272 273 180)
4(180 273 274 181)
4(181 274 275 182)
4(182 275 276 183)
4(183 276 277 184)
4(184 277 278 185)
4(248 341 342 249)
4(249 342 343 250)
4(250 343 344 251)
4(251 344 345 252)
4(252 345 346 253)
4(253 346 347 254)
4(254 347 348 255)
4(255 348 349 256)
4(256 349 350 257)
4(257 350 351 258)
4(258 351 352 259)
4(259 352 353 260)
4(260 353 354 261)
4(261 354 355 262)
4(262 355 356 263)
4(263 356 357 264)
4(264 357 358 265)
4(265 358 359 266)
4(266 359 360 267)
4(267 360 361 268)
4(268 361 362 269)
4(269 362 363 270)
4(270 363 364 271)
4(271 364 365 272)
4(272 365 366 273)
4(273 366 367 274)
4(274 367 368 275)
4(275 368 369 276)
4(276 369 370 277)
4(277 370 371 278)
4(341 434 435 342)
4(342 435 436 343)
4(343 436 437 344)
4(344 437 438 345)
4(345 438 439 346)
4(346 439 440 347)
4(347 440 441 348)
4(348 441 442 349)
4(349 442 443 350)
4(350 443 444 351)
4(351 444 445 352)
4(352 445 446 353)
4(353 446 447 354)
4(354 447 448 355)
4(355 448 449 356)
4(356 449 450 357)
4(357 450 451 358)
4(358 451 452 359)
4(359 452 453 360)
4(360 453 454 361)
4(361 454 455 362)
4(362 455 456 363)
4(363 456 457 364)
4(364 457 458 365)
4(365 458 459 366)
4(366 459 460 367)
4(367 460 461 368)
4(368 461 462 369)
4(369 462 463 370)
4(370 463 464 371)
4(434 527 528 435)
4(435 528 529 436)
4(436 529 530 437)
4(437 530 531 438)
4(438 531 532 439)
4(439 532 533 440)
4(440 533 534 441)
4(441 534 535 442)
4(442 535 536 443)
4(443 536 537 444)
4(444 537 538 445)
4(445 538 539 446)
4(446 539 540 447)
4(447 540 541 448)
4(448 541 542 449)
4(449 542 543 450)
4(450 543 544 451)
4(451 544 545 452)
4(452 545 546 453)
4(453 546 547 454)
4(454 547 548 455)
4(455 548 549 456)
4(456 549 550 457)
4(457 550 551 458)
4(458 551 552 459)
4(459 552 553 460)
4(460 553 554 461)
4(461 554 555 462)
4(462 555 556 463)
4(463 556 557 464)
4(527 620 621 528)
4(528 621 622 529)
4(529 622 623 530)
4(530 623 624 531)
4(531 624 625 532)
4(532 625 626 533)
4(533 626 627 534)
4(534 627 628 535)
4(535 628 629 536)
4(536 629 630 537)
4(537 630 631 538)
4(538 631 632 539)
4(539 632 633 540)
4(540 633 634 541)
4(541 634 635 542)
4(542 635 636 543)
4(543 636 637 544)
4(544 637 638 545)
4(545 638 639 546)
4(546 639 640 547)
4(547 640 641 548)
4(548 641 642 549)
4(549 642 643 550)
4(550 643 644 551)
4(551 644 645 552)
4(552 645 646 553)
4(553 646 647 554)
4(554 647 648 555)
4(555 648 649 556)
4(556 649 650 557)
4(620 713 714 621)
4(621 714 715 622)
4(622 715 716 623)
4(623 716 717 624)
4(624 717 718 625)
4(625 718 719 626)
4(626 719 720 627)
4(627 720 721 628)
4(628 721 722 629)
4(629 722 723 630)
4(630 723 724 631)
4(631 724 725 632)
4(632 725 726 633)
4(633 726 727 634)
4(634 727 728 635)
4(635 728 729 636)
4(636 729 730 637)
4(637 730 731 638)
4(638 731 732 639)
4(639 732 733 640)
4(640 733 734 641)
4(641 734 735 642)
4(642 735 736 643)
4(643 736 737 644)
4(644 737 738 645)
4(645 738 739 646)
4(646 739 740 647)
4(647 740 741 648)
4(648 741 742 649)
4(649 742 743 650)
4(713 806 807 714)
4(714 807 808 715)
4(715 808 809 716)
4(716 809 810 717)
4(717 810 811 718)
4(718 811 812 719)
4(719 812 813 720)
4(720 813 814 721)
4(721 814 815 722)
4(722 815 816 723)
4(723 816 817 724)
4(724 817 818 725)
4(725 818 819 726)
4(726 819 820 727)
4(727 820 821 728)
4(728 821 822 729)
4(729 822 823 730)
4(730 823 824 731)
4(731 824 825 732)
4(732 825 826 733)
4(733 826 827 734)
4(734 827 828 735)
4(735 828 829 736)
4(736 829 830 737)
4(737 830 831 738)
4(738 831 832 739)
4(739 832 833 740)
4(740 833 834 741)
4(741 834 835 742)
4(742 835 836 743)
4(806 899 900 807)
4(807 900 901 808)
4(808 901 902 809)
4(809 902 903 810)
4(810 903 904 811)
4(811 904 905 812)
4(812 905 906 813)
4(813 906 907 814)
4(814 907 908 815)
4(815 908 909 816)
4(816 909 910 817)
4(817 910 911 818)
4(818 911 912 819)
4(819 912 913 820)
4(820 913 914 821)
4(821 914 915 822)
4(822 915 916 823)
4(823 916 917 824)
4(824 917 918 825)
4(825 918 919 826)
4(826 919 920 827)
4(827 920 921 828)
4(828 921 922 829)
4(829 922 923 830)
4(830 923 924 831)
4(831 924 925 832)
4(832 925 926 833)
4(833 926 927 834)
4(834 927 928 835)
4(835 928 929 836)
4(899 992 993 900)
4(900 993 994 901)
4(901 994 995 902)
4(902 995 996 903)
4(903 996 997 904)
4(904 997 998 905)
4(905 998 999 906)
4(906 999 1000 907)
4(907 1000 1001 908)
4(908 1001 1002 909)
4(909 1002 1003 910)
4(910 1003 1004 911)
4(911 1004 1005 912)
4(912 1005 1006 913)
4(913 1006 1007 914)
4(914 1007 1008 915)
4(915 1008 1009 916)
4(916 1009 1010 917)
4(917 1010 1011 918)
4(918 1011 1012 919)
4(919 1012 1013 920)
4(920 1013 1014 921)
4(921 1014 1015 922)
4(922 1015 1016 923)
4(923 1016 1017 924)
4(924 1017 1018 925)
4(925 1018 1019 926)
4(926 1019 1020 927)
4(927 1020 1021 928)
4(928 1021 1022 929)
4(0 1 94 93)
4(1 2 95 94)
4(2 3 96 95)
4(3 4 97 96)
4(4 5 98 97)
4(5 6 99 98)
4(6 7 100 99)
4(7 8 101 100)
4(8 9 102 101)
4(9 10 103 102)
4(10 11 104 103)
4(11 12 105 104)
4(12 13 106 105)
4(13 14 107 106)
4(14 15 108 107)
4(15 16 109 108)
4(16 17 110 109)
4(17 18 111 110)
4(18 19 112 111)
4(19 20 113 112)
4(20 21 114 113)
4(21 22 115 114)
4(22 23 116 115)
4(23 24 117 116)
4(24 25 118 117)
4(25 26 119 118)
4(26 27 120 119)
4(27 28 121 120)
4(28 29 122 121)
4(29 30 123 122)
4(93 94 187 186)
4(94 95 188 187)
4(95 96 189 188)
4(96 97 190 189)
4(97 98 191 190)
4(98 99 192 191)
4(99 100 193 192)
4(100 101 194 193)
4(101 102 195 194)
4(102 103 196 195)
4(103 104 197 196)
4(104 105 198 197)
4(105 106 199 198)
4(106 107 200 199)
4(107 108 201 200)
4(108 109 202 201)
4(109 110 203 202)
4(110 111 204 203)
4(111 112 205 204)
4(112 113 206 205)
4(113 114 207 206)
4(114 115 208 207)
4(115 116 209 208)
4(116 117 210 209)
4(117 118 211 210)
4(118 119 212 211)
4(119 120 213 212)
4(120 121 214 213)
4(121 122 215 214)
4(122 123 216 215)
4(186 187 280 279)
4(187 188 281 280)
4(188 189 282 281)
4(189 190 283 282)
4(190 191 284 283)
4(191 192 285 284)
4(192 193 286 285)
4(193 194 287 286)
4(194 195 288 287)
4(195 196 289 288)
4(196 197 290 289)
4(197 198 291 290)
4(198 199 292 291)
4(199 200 293 292)
4(200 201 294 293)
4(201 202 295 294)
4(202 203 296 295)
4(203 204 297 296)
4(204 205 298 297)
4(205 206 299 298)
4(206 207 300 299)
4(207 208 301 300)
4(208 209 302 301)
4(209 210 303 302)
4(210 211 304 303)
4(211 212 305 304)
4(212 213 306 305)
4(213 214 307 306)
4(214 215 308 307)
4(215 216 309 308)
4(279 280 373 372)
4(280 281 374 373)
4(281 282 375 374)
4(282 283 376 375)
4(283 284 377 376)
4(284 285 378 377)
4(285 286 379 378)
4(286 287 380 379)
4(287 288 381 380)
4(288 289 382 381)
4(289 290 383 382)
4(290 291 384 383)
4(291 292 385 384)
4(292 293 386 385)
4(293 294 387 386)
4(294 295 388 387)
4(295 296 389 388)
4(296 297 390 389)
4(297 298 391 390)
4(298 299 392 391)
4(299 300 393 392)
4(300 301 394 393)
4(301 302 395 394)
4(302 303 396 395)
4(303 304 397 396)
4(304 305 398 397)
4(305 306 399 398)
4(306 307 400 399)
4(307 308 401 400)
4(308 309 402 401)
4(372 373 466 465)
4(373 374 467 466)
4(374 375 468 467)
4(375 376 469 468)
4(376 377 470 469)
4(377 378 471 470)
4(378 379 472 471)
4(379 380 473 472)
4(380 381 474 473)
4(381 382 475 474)
4(382 383 476 475)
4(383 384 477 476)
4(384 385 478 477)
4(385 386 479 478)
4(386 387 480 479)
4(387 388 481 480)
4(388 389 482 481)
4(389 390 483 482)
4(390 391 484 483)
4(391 392 485 484)
4(392 393 486 485)
4(393 394 487 486)
4(394 395 488 487)
4(395 396 489 488)
4(396 397 490 489)
4(397 398 491 490)
4(398 399 492 491)
4(399 400 493 492)
4(400 401 494 493)
4(401 402 495 494)
4(465 466 559 558)
4(466 467 560 559)
4(467 468 561 560)
4(468 469 562 561)
4(469 470 563 562)
4(470 471 564 563)
4(471 472 565 564)
4(472 473 566 565)
4(473 474 567 566)
4(474 475 568 567)
4(475 476 569 568)
4(476 477 570 569)
4(477 478 571 570)
4(478 479 572 571)
4(479 480 573 572)
4(480 481 574 573)
4(481 482 575 574)
4(482 483 576 575)
4(483 484 577 576)
4(484 485 578 577)
4(485 486 579 578)
4(486 487 580 579)
4(487 488 581 580)
4(488 489 582 581)
4(489 490 583 582)
4(490 491 584 583)
4(491 492 585 584)
4(492 493 586 585)
4(493 494 587 586)
4(494 495 588 587)
4(558 559 652 651)
4(559 560 653 652)
4(560 561 654 653)
4(561 562 655 654)
4(562 563 656 655)
4(563 564 657 656)
4(564 565 658 657)
4(565 566 659 658)
4(566 567 660 659)
4(567 568 661 660)
4(568 569 662 661)
4(569 570 663 662)
4(570 571 664 663)
4(571 572 665 664)
4(572 573 666 665)
4(573 574 667 666)
4(574 575 668 667)
4(575 576 669 668)
4(576 577 670 669)
4(577 578 671 670)
4(578 579 672 671)
4(579 580 673 672)
4(580 581 674 673)
4(581 582 675 674)
4(582 583 676 675)
4(583 584 677 676)
4(584 585 678 677)
4(585 586 679 678)
4(586 587 680 679)
4(587 588 681 680)
4(651 652 745 744)
4(652 653 746 745)
4(653 654 747 746)
4(654 655 748 747)
4(655 656 749 748)
4(656 657 750 749)
4(657 658 751 750)
4(658 659 752 751)
4(659 660 753 752)
4(660 661 754 753)
4(661 662 755 754)
4(662 663 756 755)
4(663 664 757 756)
4(664 665 758 757)
4(665 666 759 758)
4(666 667 760 759)
4(667 668 761 760)
4(668 669 762 761)
4(669 670 763 762)
4(670 671 764 763)
4(671 672 765 764)
4(672 673 766 765)
4(673 674 767 766)
4(674 675 768 767)
4(675 676 769 768)
4(676 677 770 769)
4(677 678 771 770)
4(678 679 772 771)
4(679 680 773 772)
4(680 681 774 773)
4(744 745 838 837)
4(745 746 839 838)
4(746 747 840 839)
4(747 748 841 840)
4(748 749 842 841)
4(749 750 843 842)
4(750 751 844 843)
4(751 752 845 844)
4(752 753 846 845)
4(753 754 847 846)
4(754 755 848 847)
4(755 756 849 848)
4(756 757 850 849)
4(757 758 851 850)
4(758 759 852 851)
4(759 760 853 852)
4(760 761 854 853)
4(761 762 855 854)
4(762 763 856 855)
4(763 764 857 856)
4(764 765 858 857)
4(765 766 859 858)
4(766 767 860 859)
4(767 768 861 860)
4(768 769 862 861)
4(769 770 863 862)
4(770 771 864 863)
4(771 772 865 864)
4(772 773 866 865)
4(773 774 867 866)
4(837 838 931 930)
4(838 839 932 931)
4(839 840 933 932)
4(840 841 934 933)
4(841 842 935 934)
4(842 843 936 935)
4(843 844 937 936)
4(844 845 938 937)
4(845 846 939 938)
4(846 847 940 939)
4(847 848 941 940)
4(848 849 942 941)
4(849 850 943 942)
4(850 851 944 943)
4(851 852 945 944)
4(852 853 946 945)
4(853 854 947 946)
4(854 855 948 947)
4(855 856 949 948)
4(856 857 950 949)
4(857 858 951 950)
4(858 859 952 951)
4(859 860 953 952)
4(860 861 954 953)
4(861 862 955 954)
4(862 863 956 955)
4(863 864 957 956)
4(864 865 958 957)
4(865 866 959 958)
4(866 867 960 959)
)


// ************************************************************************* //
