/*--------------------------------*- C++ -*----------------------------------*\
| =========                 |                                                 |
| \\      /  F ield         | OpenFOAM: The Open Source CFD Toolbox           |
|  \\    /   O peration     | Version:  5.x                                   |
|   \\  /    A nd           | Web:      www.OpenFOAM.org                      |
|    \\/     M anipulation  |                                                 |
\*---------------------------------------------------------------------------*/
FoamFile
{
    version     2.0;
    format      ascii;
    class       labelList;
    note        "nPoints:1023  nCells:600  nFaces:2180  nInternalFaces:1420";
    location    "constant/solid/polyMesh";
    object      neighbour;
}
// * * * * * * * * * * * * * * * * * * * * * * * * * * * * * * * * * * * * * //


1420
(
1
30
60
2
31
61
3
32
62
4
33
63
5
34
64
6
35
65
7
36
66
8
37
67
9
38
68
10
39
69
11
40
70
12
41
71
13
42
72
14
43
73
15
44
74
16
45
75
17
46
76
18
47
77
19
48
78
20
49
79
21
50
80
22
51
81
23
52
82
24
53
83
25
54
84
26
55
85
27
56
86
28
57
87
29
58
88
59
89
31
90
32
91
33
92
34
93
35
94
36
95
37
96
38
97
39
98
40
99
41
100
42
101
43
102
44
103
45
104
46
105
47
106
48
107
49
108
50
109
51
110
52
111
53
112
54
113
55
114
56
115
57
116
58
117
59
118
119
61
90
120
62
91
121
63
92
122
64
93
123
65
94
124
66
95
125
67
96
126
68
97
127
69
98
128
70
99
129
71
100
130
72
101
131
73
102
132
74
103
133
75
104
134
76
105
135
77
106
136
78
107
137
79
108
138
80
109
139
81
110
140
82
111
141
83
112
142
84
113
143
85
114
144
86
115
145
87
116
146
88
117
147
89
118
148
119
149
91
150
92
151
93
152
94
153
95
154
96
155
97
156
98
157
99
158
100
159
101
160
102
161
103
162
104
163
105
164
106
165
107
166
108
167
109
168
110
169
111
170
112
171
113
172
114
173
115
174
116
175
117
176
118
177
119
178
179
121
150
180
122
151
181
123
152
182
124
153
183
125
154
184
126
155
185
127
156
186
128
157
187
129
158
188
130
159
189
131
160
190
132
161
191
133
162
192
134
163
193
135
164
194
136
165
195
137
166
196
138
167
197
139
168
198
140
169
199
141
170
200
142
171
201
143
172
202
144
173
203
145
174
204
146
175
205
147
176
206
148
177
207
149
178
208
179
209
151
210
152
211
153
212
154
213
155
214
156
215
157
216
158
217
159
218
160
219
161
220
162
221
163
222
164
223
165
224
166
225
167
226
168
227
169
228
170
229
171
230
172
231
173
232
174
233
175
234
176
235
177
236
178
237
179
238
239
181
210
240
182
211
241
183
212
242
184
213
243
185
214
244
186
215
245
187
216
246
188
217
247
189
218
248
190
219
249
191
220
250
192
221
251
193
222
252
194
223
253
195
224
254
196
225
255
197
226
256
198
227
257
199
228
258
200
229
259
201
230
260
202
231
261
203
232
262
204
233
263
205
234
264
206
235
265
207
236
266
208
237
267
209
238
268
239
269
211
270
212
271
213
272
214
273
215
274
216
275
217
276
218
277
219
278
220
279
221
280
222
281
223
282
224
283
225
284
226
285
227
286
228
287
229
288
230
289
231
290
232
291
233
292
234
293
235
294
236
295
237
296
238
297
239
298
299
241
270
300
242
271
301
243
272
302
244
273
303
245
274
304
246
275
305
247
276
306
248
277
307
249
278
308
250
279
309
251
280
310
252
281
311
253
282
312
254
283
313
255
284
314
256
285
315
257
286
316
258
287
317
259
288
318
260
289
319
261
290
320
262
291
321
263
292
322
264
293
323
265
294
324
266
295
325
267
296
326
268
297
327
269
298
328
299
329
271
330
272
331
273
332
274
333
275
334
276
335
277
336
278
337
279
338
280
339
281
340
282
341
283
342
284
343
285
344
286
345
287
346
288
347
289
348
290
349
291
350
292
351
293
352
294
353
295
354
296
355
297
356
298
357
299
358
359
301
330
360
302
331
361
303
332
362
304
333
363
305
334
364
306
335
365
307
336
366
308
337
367
309
338
368
310
339
369
311
340
370
312
341
371
313
342
372
314
343
373
315
344
374
316
345
375
317
346
376
318
347
377
319
348
378
320
349
379
321
350
380
322
351
381
323
352
382
324
353
383
325
354
384
326
355
385
327
356
386
328
357
387
329
358
388
359
389
331
390
332
391
333
392
334
393
335
394
336
395
337
396
338
397
339
398
340
399
341
400
342
401
343
402
344
403
345
404
346
405
347
406
348
407
349
408
350
409
351
410
352
411
353
412
354
413
355
414
356
415
357
416
358
417
359
418
419
361
390
420
362
391
421
363
392
422
364
393
423
365
394
424
366
395
425
367
396
426
368
397
427
369
398
428
370
399
429
371
400
430
372
401
431
373
402
432
374
403
433
375
404
434
376
405
435
377
406
436
378
407
437
379
408
438
380
409
439
381
410
440
382
411
441
383
412
442
384
413
443
385
414
444
386
415
445
387
416
446
388
417
447
389
418
448
419
449
391
450
392
451
393
452
394
453
395
454
396
455
397
456
398
457
399
458
400
459
401
460
402
461
403
462
404
463
405
464
406
465
407
466
408
467
409
468
410
469
411
470
412
471
413
472
414
473
415
474
416
475
417
476
418
477
419
478
479
421
450
480
422
451
481
423
452
482
424
453
483
425
454
484
426
455
485
427
456
486
428
457
487
429
458
488
430
459
489
431
460
490
432
461
491
433
462
492
434
463
493
435
464
494
436
465
495
437
466
496
438
467
497
439
468
498
440
469
499
441
470
500
442
471
501
443
472
502
444
473
503
445
474
504
446
475
505
447
476
506
448
477
507
449
478
508
479
509
451
510
452
511
453
512
454
513
455
514
456
515
457
516
458
517
459
518
460
519
461
520
462
521
463
522
464
523
465
524
466
525
467
526
468
527
469
528
470
529
471
530
472
531
473
532
474
533
475
534
476
535
477
536
478
537
479
538
539
481
510
540
482
511
541
483
512
542
484
513
543
485
514
544
486
515
545
487
516
546
488
517
547
489
518
548
490
519
549
491
520
550
492
521
551
493
522
552
494
523
553
495
524
554
496
525
555
497
526
556
498
527
557
499
528
558
500
529
559
501
530
560
502
531
561
503
532
562
504
533
563
505
534
564
506
535
565
507
536
566
508
537
567
509
538
568
539
569
511
570
512
571
513
572
514
573
515
574
516
575
517
576
518
577
519
578
520
579
521
580
522
581
523
582
524
583
525
584
526
585
527
586
528
587
529
588
530
589
531
590
532
591
533
592
534
593
535
594
536
595
537
596
538
597
539
598
599
541
570
542
571
543
572
544
573
545
574
546
575
547
576
548
577
549
578
550
579
551
580
552
581
553
582
554
583
555
584
556
585
557
586
558
587
559
588
560
589
561
590
562
591
563
592
564
593
565
594
566
595
567
596
568
597
569
598
599
571
572
573
574
575
576
577
578
579
580
581
582
583
584
585
586
587
588
589
590
591
592
593
594
595
596
597
598
599
)


// ************************************************************************* //
